1st_Road_Number
450
3220
315
315
3212
3212
450
450
450
450
450
3220
3220
3217
3217
4
4
3217
3218
302
302
415
3220
3220
4
3220
4
4
319
412
412
4
4
450
450
308
4
4
315
402
302
302
4206
308
308
315
315
4
308
3220
3220
3216
3220
450
3220
3220
3220
315
315
3217
4
4
3212
3212
304
4
304
304
3220
3220
315
308
308
308
308
308
308
308
308
412
4
402
450
3220
3220
4204
4204
4204
4204
4204
4204
3218
450
308
308
304
315
315
402
402
402
3220
315
3217
412
450
4
4
319
402
4
3217
3217
4
3220
3217
450
4
4
3220
3220
402
4
4
4
4
4
4
3217
450
450
302
302
3220
3218
450
450
4
402
3214
3214
4
315
402
402
4
3220
316
3220
3220
308
308
4
4
3220
4
450
450
314
4
3212
3212
3217
4
402
404
404
404
404
3220
4
3220
4206
3220
3217
4
402
3217
3220
3220
304
304
3216
4
4
4
402
402
402
402
3220
304
304
304
304
4
4
450
450
315
308
308
308
3220
3220
304
4
4
3220
3220
450
302
302
450
4
4
4
412
412
3220
3220
3220
315
315
315
315
315
315
3220
3220
3220
40
40
450
415
315
4
4
415
4
402
402
402
402
4
4
450
3217
308
308
4
402
402
450
450
3220
3216
3216
4
3220
3217
3217
319
3217
3217
308
308
3212
3212
402
3217
3220
3220
40
315
450
450
3220
3217
304
3220
4
4
402
3220
3220
402
402
402
402
315
315
315
3220
3220
3220
3220
3220
315
3218
3218
4
314
314
314
314
3218
3218
308
308
450
450
3218
3218
3218
3220
3220
3220
3220
3220
315
450
4
4
3220
3220
3220
3220
315
315
450
3212
3216
3216
3216
3216
3216
3216
4204
308
412
315
315
450
450
4
315
415
415
415
415
450
4
4
3220
3217
3217
402
3220
3216
3216
4
3218
3218
3220
3220
450
402
402
4
325
3220
3212
3217
415
3212
319
4
4
315
4
4
4
4
315
4
4
3217
450
315
315
450
3220
450
3220
3218
3218
325
325
402
402
315
402
402
4
4
4
4
4
3220
3217
325
325
325
325
325
325
325
325
4
4
3216
315
314
314
304
304
304
304
3212
3212
3212
3212
3212
3212
3212
3212
3212
3212
3212
3212
3217
3217
3217
3218
412
412
402
402
4
4
315
4206
4
4
4
4
4
4
4
4
4
3216
3216
319
319
319
4
4
402
402
3212
3216
304
308
308
4
4
3212
402
3217
3220
3220
3220
308
402
402
402
402
412
4
4
4206
308
315
3212
402
402
3220
3212
304
4
315
315
319
3216
412
412
304
4
4
4
4
402
315
316
3212
3212
402
402
402
450
4
308
308
3220
3220
3220
3220
450
3220
3220
4
4
4
40
40
40
40
40
40
40
40
40
40
40
40
40
40
40
3218
3218
3212
10
10
10
10
40
1
100
100
100
10
4208
3211
40
1211
1211
4
201
3211
10
10
10
10
10
10
10
10
3211
3
3
3211
1211
1211
1211
201
201
3211
3211
11
40
1211
10
3211
3211
40
40
201
3211
3211
201
201
201
10
3
201
10
3211
3211
3211
3211
201
201
201
1211
10
3
3
1211
40
40
40
40
201
201
201
201
201
3211
3211
10
3
3
201
3
3
201
1211
1211
201
3211
10
10
201
400
400
11
100
40
40
10
300
10
3211
3211
3211
10
10
10
1
1
1
1
3211
3211
3
3211
3
3
40
40
3
3
1210
1211
1211
10
10
11
11
3211
3211
1211
11
11
40
1211
1211
201
3211
10
1211
201
10
10
201
3211
201
40
201
3211
1211
201
501
501
40
3
4
1211
10
4
4
202
4202
302
302
41
41
40
4201
41
41
41
401
414
4201
4201
202
501
501
400
5
5
323
323
302
4
501
4201
401
40
4201
4201
41
41
41
4
400
4
3212
3212
41
302
302
40
40
5
3211
302
400
4
315
3212
40
4
4202
4202
302
40
4201
501
310
5204
5204
41
41
4
5
4201
324
404
41
5
302
4201
4
40
302
41
41
41
41
40
40
41
4205
40
40
5
5
5
5
5
5
40
402
402
402
402
5
5
40
4201
4201
5
4206
310
4
4
3214
4
41
315
40
3214
3214
3211
3211
41
41
5
312
202
202
41
501
40
40
40
4201
4
400
40
4202
40
411
411
302
302
302
302
302
302
40
525
525
202
4206
40
501
404
402
326
326
4202
404
404
4
3212
302
40
501
501
5205
5205
202
202
202
5204
4
5
5
40
3212
3214
3214
40
40
302
4
4
202
404
404
404
5
40
40
3211
406
406
302
4
501
5
5
404
3212
40
202
202
40
40
3211
40
5205
5205
4209
4209
506
4206
4206
4
4201
4
4
5
3212
4
4
4
4
4206
4206
404
404
404
4
402
3214
501
310
310
3211
3212
202
202
5205
400
41
40
41
4
4
4
4
4
4
4
4
4
40
4201
5
40
4
4209
501
4
4
3212
3212
4202
501
524
3211
3211
4
4
4
4
5
5
40
501
501
501
202
202
4201
4205
404
404
40
413
4201
404
404
404
404
404
404
404
404
4201
4201
40
41
41
202
202
4
4202
3212
3212
4201
3211
3211
3211
413
413
4
3212
406
414
414
4201
4201
312
501
501
4201
40
41
302
5
5204
4201
4207
4207
400
525
525
4202
5204
5204
507
4202
4
413
413
41
41
4202
501
413
4
323
40
40
3214
402
402
40
40
40
40
40
40
40
40
40
41
202
202
3214
202
202
40
40
4205
4205
5
4
310
310
3203
402
4206
3217
3217
41
4201
4
4
4207
4207
404
501
501
411
40
40
302
302
302
302
40
310
41
507
5204
5204
302
410
4
4
525
404
4
3214
402
402
402
402
402
402
41
404
404
3211
507
507
4
3211
5
5
3214
507
401
40
4
5204
400
404
404
404
404
412
412
412
3211
40
4
4201
3211
40
5
41
41
41
4
501
501
501
501
5
5
5
3216
3216
302
4
5205
5205
4
4
4
5205
5205
3211
4201
4201
4201
4201
202
402
40
40
413
5
3211
3211
40
41
41
4201
3213
3213
501
3212
3212
5
302
4
4
41
41
400
4207
401
404
501
40
41
40
40
4209
302
302
525
525
3211
4
4201
4201
41
402
3212
404
4
4
324
3212
40
406
406
406
507
402
3211
3211
3212
302
5
5
5205
40
40
302
400
41
202
400
404
40
4205
501
41
5204
5204
40
302
302
308
308
402
4
5
41
3211
202
202
324
324
3214
3212
3212
202
202
5
4
4
41
41
3212
525
401
4201
41
4201
3214
402
402
402
402
402
402
402
402
202
404
404
40
406
501
4201
5
5
4201
315
507
404
404
404
3211
4201
4
501
3212
41
4
3217
3217
40
40
525
40
404
501
501
501
400
400
400
3212
41
4202
40
4200
302
308
4206
501
501
507
5205
5
401
401
401
401
401
401
4202
4
4
404
4209
41
3211
3211
3211
3212
5
3212
3212
304
304
40
4202
4202
4
5204
525
525
3214
5
5
4
4
40
40
40
5
5
40
4209
400
400
4209
4209
41
5
302
302
404
4209
302
4
4206
3212
3212
4206
4206
4
4201
5
501
501
40
40
3216
202
4
402
202
202
202
202
202
202
202
202
310
40
40
411
323
3217
40
402
402
404
404
507
5
404
404
501
501
404
404
302
4202
413
5204
40
4
4
202
400
400
404
4201
4209
4201
4201
4201
4201
501
501
501
501
501
501
3212
3212
400
4
5
501
501
4
302
4209
4209
413
413
41
3212
4205
4
4201
404
41
3212
3211
3211
3211
3211
4201
4201
3217
402
4
4
4
40
501
3217
404
3212
4206
4202
4202
4
40
401
5
41
41
40
404
40
4
40
40
40
4
3212
3217
506
524
4201
4
302
501
41
3211
5
4200
5
5
40
5
5
402
402
507
40
40
302
5
5
401
40
4
501
501
41
40
3212
40
404
3214
4
319
41
4
40
40
41
40
4
4
319
401
413
413
3211
501
501
324
324
400
400
400
40
401
40
400
4
4
4202
302
313
4205
4207
4207
40
4
4202
4
404
40
40
3216
4209
40
302
302
4201
404
404
404
404
4202
4
5
5
5
5
5
5
5
4202
40
4202
40
501
402
402
402
315
402
4209
302
404
40
40
4
402
400
40
4
40
1
1
503
41
1
400
40
510
5202
515
512
502
502
502
501
501
519
5203
503
502
104
104
503
501
501
501
400
400
5201
5201
5201
5201
400
502
40
40
104
501
40
5200
5200
1199
1199
400
400
400
400
400
400
400
400
400
41
1200
401
401
5200
502
5203
104
104
502
41
41
5200
5200
5200
41
41
41
104
40
5201
4200
503
503
502
502
515
1201
5201
5201
400
518
509
104
104
400
400
502
400
501
1
400
4201
501
105
503
40
501
1199
40
5200
1200
41
400
5
515
519
401
104
1
1
1
104
503
1201
1201
4200
4200
4200
4200
400
400
5201
1
1
1
501
1
5203
5203
40
5200
503
40
525
40
501
5
400
400
501
501
5201
518
518
104
104
402
501
501
1
1
1
4200
4200
4200
201
201
503
502
4200
4200
4200
522
501
515
525
525
1
519
5201
511
519
519
41
5200
41
1
503
400
400
522
400
400
503
5202
501
503
519
519
1200
1200
1
400
400
1
1
104
1200
1200
5203
1201
5203
5203
104
104
104
103
1
502
1
400
511
105
104
104
400
501
501
501
400
400
104
104
5201
400
503
400
511
41
41
41
41
1
5
103
103
105
201
201
5203
1
1
5201
1
104
104
400
400
502
511
400
104
4200
1
503
1201
1
1
4200
400
400
503
4200
104
104
400
1
1
4201
501
501
1
501
1
501
400
501
400
400
503
1201
503
503
1201
503
1
502
517
501
1
501
1201
501
503
103
401
41
4200
1
201
105
105
41
400
400
400
400
509
502
503
503
400
503
4200
4200
510
509
1
1
41
502
501
502
100
5203
105
5203
400
400
4200
4200
400
404
404
501
4200
1
1
400
519
5202
5202
503
519
519
41
41
41
501
1
507
519
519
103
103
4200
4200
5200
5200
5200
5200
501
501
400
503
401
401
501
1
1
503
503
105
501
1201
104
501
103
103
503
1200
503
4200
400
400
1
501
502
521
400
400
400
503
503
5203
5203
503
501
1
5202
501
501
515
400
510
510
503
503
503
503
104
1
104
104
525
515
515
501
1200
401
401
5203
502
5200
4200
4201
4201
4201
4201
1200
103
103
503
503
1
501
501
1
1
5203
41
400
1
1
400
41
5
401
401
501
501
501
41
41
5201
5201
501
501
501
501
501
501
40
1199
201
201
518
40
5202
1201
401
1
1
1
5
40
40
5203
5203
5201
400
41
41
501
501
501
501
501
5201
503
5200
5200
5
5
1
501
501
1201
1201
1201
104
502
4201
501
501
501
502
103
103
1
1
4200
4200
400
400
400
400
515
400
1
1
201
400
41
41
501
501
518
401
401
519
4200
511
511
501
503
503
40
518
501
1
503
503
518
518
40
501
400
503
503
518
4200
400
400
1
1
1
1
1
4200
201
201
400
400
501
41
104
4200
400
501
1
1
1
1
501
1
1
5201
5201
5201
5201
1
40
1
503
401
503
103
103
1
1
511
5200
5200
41
503
503
503
509
401
400
400
41
400
400
501
400
1
1
104
519
1200
1200
1
1
5
1199
41
400
41
503
1
104
5203
5
104
104
510
400
503
41
41
503
502
400
5200
510
201
519
201
104
1
503
503
1
1
104
104
1201
400
503
502
502
519
1
1
509
5201
5201
41
501
40
40
1
105
5202
201
400
5
400
501
501
501
501
501
501
1
511
1
504
504
104
503
503
5200
5203
5203
41
41
41
501
501
400
400
400
503
503
40
504
4200
4200
400
5200
1
501
501
518
1200
1201
1
4201
4201
503
40
501
501
511
511
5
503
41
41
41
501
502
41
41
400
400
4200
400
4200
400
400
400
518
104
401
401
503
506
506
501
103
103
1
1
1
1
510
503
518
5201
5201
1
4201
103
201
1
1
104
510
510
502
517
517
5201
503
1201
502
1
1
201
201
201
201
1
1
5203
5203
201
1201
1201
1201
1201
509
503
509
509
103
503
501
41
41
400
400
1
509
400
41
41
1201
1
1
518
1
507
503
503
41
5
1
503
103
519
1
1
1
103
501
1
1
507
515
503
401
4201
4201
1
502
502
5200
504
40
503
1201
1201
105
503
501
503
5
5
502
104
501
501
509
511
41
41
41
41
1
1201
1
102
501
503
400
503
400
400
1
1
1
1
41
103
400
4200
4200
400
519
503
517
502
503
501
5
5203
501
501
501
4200
4200
4200
4200
5201
5201
5
5
503
503
503
1
1201
400
400
1201
1
1
1
1
1
1
1
1
400
400
400
400
104
501
401
104
4200
5203
5203
5203
5203
5203
5203
5203
5203
503
503
1199
501
501
501
501
501
515
515
503
5200
509
509
509
509
1
401
401
5200
400
400
502
4200
40
40
4200
103
501
4200
5203
1201
41
503
503
5200
40
510
510
4201
100
100
400
519
503
41
201
1
104
105
105
502
400
104
104
105
503
4200
1
510
400
400
40
40
40
40
40
40
502
502
1201
511
518
518
5201
5201
5203
5203
40
40
40
40
400
400
400
515
1
40
304
4020
3220
3220
219
219
219
308
219
219
219
304
304
219
219
315
40
404
219
219
219
219
219
317
315
408
219
219
308
308
4020
304
315
315
3218
3218
304
306
219
40
217
219
219
40
4020
4020
4020
219
219
408
408
4020
4020
4020
402
4
4
217
404
3219
219
219
308
308
308
308
4020
4000
3218
40
40
217
4
4
4020
315
304
304
308
219
219
308
308
4
219
219
317
317
315
3219
3219
315
219
219
219
318
219
317
317
304
304
308
308
4020
308
219
402
402
40
4
4
40
304
304
304
304
4020
3218
304
40
219
219
304
304
4
4
404
404
404
404
219
4020
304
304
304
304
217
217
217
217
217
219
219
315
402
402
402
4020
4
219
402
402
402
402
219
219
219
3220
3220
317
408
4020
219
219
219
219
315
315
317
402
402
219
4020
3220
4020
4020
315
315
4
4
4
402
315
219
219
315
315
219
219
219
219
219
3218
3218
402
219
219
219
219
315
315
40
4020
4020
4020
4
3218
402
402
219
219
402
219
402
219
219
4
4
219
315
315
315
315
4020
4020
315
315
306
304
219
219
219
3218
317
219
219
317
219
315
315
315
402
219
402
408
3220
3220
412
412
4
4020
4020
4
4
3218
219
219
402
402
402
402
219
219
219
219
217
315
308
308
308
318
402
315
315
308
219
219
402
402
4
4
317
219
219
315
315
219
408
219
4020
219
3218
3218
217
40
40
40
315
4
4
4
4
4
4
4
4
4
219
404
317
4020
219
4
308
308
308
219
40
40
217
217
408
4
304
317
318
404
315
304
4
4
4020
308
219
402
3219
3218
3218
404
402
317
219
308
402
402
4020
219
219
219
402
315
3218
3218
3218
3218
3218
219
219
4020
219
304
40
304
304
3218
219
402
402
219
219
318
306
306
306
306
4
306
402
402
402
402
402
4020
219
402
219
304
40
40
315
315
315
4020
40
219
219
315
315
315
308
3220
306
219
219
318
4
402
315
40
315
217
40
40
40
40
315
315
315
402
318
219
219
219
308
308
402
219
315
219
219
219
219
219
219
219
219
219
219
219
219
219
317
315
40
40
219
219
318
219
315
40
40
40
304
304
402
315
3219
3219
40
40
315
315
317
219
4020
4020
4
4
402
317
219
501
104
10
107
10
10
10
10
1201
107
107
107
1202
104
503
503
107
106
106
12
12
12
12
12
107
108
108
107
107
104
10
501
501
501
503
104
104
10
10
501
503
503
1202
1202
5201
5201
5201
5201
102
102
5201
5201
105
105
10
503
503
108
108
10
107
107
107
105
104
107
10
10
501
106
105
501
501
10
501
104
107
503
1207
10
10
105
10
10
10
1202
1202
503
503
1208
102
102
107
107
107
105
105
105
105
107
107
107
104
104
501
501
501
501
501
501
501
501
102
102
102
107
107
107
10
10
107
1208
106
107
102
104
108
105
5201
105
105
112
1200
104
104
107
503
503
1208
105
104
104
107
107
111
111
5201
10
107
107
107
102
104
104
10
107
107
107
104
104
104
1202
10
10
503
503
503
503
107
107
10
112
112
10
503
503
10
10
10
112
107
107
107
107
104
105
102
12
107
10
10
10
10
104
107
102
10
10
10
104
104
503
1200
1200
1200
10
503
501
10
113
113
10
107
10
107
107
107
107
107
107
104
10
1208
107
503
101
101
1207
106
10
12
106
104
10
10
12
12
107
104
104
1208
1208
107
10
108
108
12
108
108
1202
105
102
102
10
10
10
10
104
501
501
107
107
104
107
1202
1202
12
10
5201
10
10
107
501
501
106
107
10
102
112
10
105
105
1200
104
10
10
1207
1207
107
113
113
105
503
107
107
10
5201
113
113
10
10
107
107
105
503
503
503
503
107
107
108
108
108
108
113
1200
1201
10
10
10
107
107
503
503
503
503
503
503
102
102
107
10
104
104
5201
5201
5201
5201
5201
5201
1202
107
10
503
10
112
10
10
10
501
501
10
10
1200
10
105
105
503
108
108
108
108
10
104
104
104
104
104
104
104
104
104
107
107
107
107
107
10
107
113
112
112
10
106
108
107
107
107
1207
1207
5201
5201
104
1208
10
112
113
113
107
105
104
106
102
102
108
108
10
12
104
104
107
107
105
1207
108
107
10
10
5201
503
108
107
10
503
107
107
10
113
113
113
113
112
106
5201
503
5201
5201
107
107
5201
111
111
111
111
105
1207
1207
106
106
5201
5201
108
108
112
105
10
105
107
107
10
10
10
12
1202
1202
107
107
105
12
112
112
112
112
112
112
112
112
503
503
503
503
105
105
12
12
12
112
112
113
102
102
104
104
104
104
107
11
13
13
100
100
107
108
1203
13
1206
1206
13
11
11
11
11
11
11
11
1209
12
108
1209
1206
13
13
13
13
13
13
1206
1208
11
140
140
11
145
11
11
140
140
11
11
1203
11
11
11
11
1206
140
135
11
107
13
11
11
140
140
11
120
11
1205
1205
11
11
11
102
12
12
1208
1208
1203
13
13
13
13
135
1209
1208
1208
11
1205
1261
1261
134
140
100
13
13
13
13
11
13
107
135
135
11
127
1206
1206
11
1203
1202
12
13
13
107
107
121
121
1208
13
13
11
11
1261
1261
11
11
11
11
1209
135
135
11
11
140
1205
13
1206
1261
11
11
11
11
13
13
12
11
11
13
13
13
1206
1206
1209
1205
1203
1203
13
1208
1206
134
134
107
1208
11
11
11
11
140
11
13
13
12
1206
1206
1206
1206
11
13
13
1209
1209
107
13
13
13
13
1206
1203
1203
11
1203
11
13
1203
1206
13
11
11
11
11
107
107
11
11
107
1206
1261
1261
1261
140
140
13
13
13
140
11
135
11
11
1206
1206
13
13
135
135
1202
123
12
12
135
11
11
11
11
12
13
13
13
107
107
107
11
11
13
13
13
13
13
13
1203
118
118
118
118
1206
13
13
13
13
13
13
1208
1208
1208
1208
135
1202
12
11
13
1209
13
11
1202
1202
13
13
1209
140
118
13
13
13
13
1203
13
108
13
13
11
11
126
126
1209
13
13
145
145
108
1209
13
11
1206
1203
1206
13
13
13
13
1205
13
13
11
11
100
100
123
140
140
1206
1206
1205
13
13
13
11
11
11
118
1202
13
12
12
13
13
13
13
11
11
11
1261
1261
135
135
135
12
13
13
11
140
11
11
11
1206
13
13
1203
11
1206
1206
1206
13
13
13
1261
1205
1205
13
13
11
107
1202
1202
1202
1202
1202
1202
13
1206
13
13
13
11
11
13
140
140
100
100
100
100
100
100
100
100
13
13
108
13
1202
12
12
11
1261
1261
12
12
12
12
1203
11
11
13
13
1205
13
11
11
11
11
11
11
11
11
1209
1209
1209
1209
1209
1209
1209
1209
10
102
101
1206
1206
1206
1206
11
11
12
12
102
13
13
13
13
11
1203
13
1203
102
102
1205
1203
10
140
11
1206
1206
1209
1209
1209
1209
1209
1209
11
107
1261
11
1203
1203
1203
12
12
12
12
13
13
13
1206
135
11
11
1206
13
1211
11
11
13
13
13
11
13
13
13
13
13
13
1206
13
13
11
11
11
13
13
13
1206
11
1203
13
12
135
1204
1204
1206
1206
135
1204
1205
1205
11
13
1205
1206
1206
11
11
135
13
13
107
107
107
107
11
11
1203
1203
13
1209
11
126
11
11
11
11
13
135
102
13
1203
11
108
108
12
12
13
1206
1205
135
13
13
126
11
13
1209
107
13
1203
13
1203
140
135
135
1205
1205
1205
1205
142
142
135
13
13
1205
13
1203
115
11
11
13
13
13
13
1203
1205
1205
1209
13
13
13
1202
1202
1202
1202
13
106
1206
107
13
13
118
139
4
4
4
4
4
4
3044
3113
30
4
25
25
4
4
30
3113
30
110
112
112
112
160
1006
112
104
106
112
112
406
503
503
104
160
160
179
104
112
112
406
406
406
406
406
406
406
406
406
406
406
406
406
406
406
406
406
406
406
406
179
1009
112
112
104
104
503
112
159
104
104
112
112
112
406
112
406
406
406
406
112
112
112
1037
1037
1037
1009
179
406
112
112
106
106
112
1006
112
112
104
1037
406
406
406
406
406
406
112
1006
503
503
1006
112
112
106
106
112
112
1009
406
406
112
106
104
106
112
112
406
406
112
112
1006
1006
104
104
104
104
1006
104
503
503
110
110
161
503
12
112
160
160
179
104
104
104
104
179
179
406
112
112
503
406
1006
406
406
406
406
179
179
112
112
104
104
104
104
1006
1006
160
406
112
406
406
112
112
160
160
160
160
406
406
406
406
1006
112
104
503
104
112
1006
406
406
104
104
104
104
104
104
104
104
106
106
112
112
1006
1006
406
104
112
169
169
406
406
104
1006
503
503
1009
112
160
104
104
104
104
1006
1006
1006
104
104
112
104
104
160
1006
1006
104
104
406
106
106
112
112
160
160
104
104
179
112
112
112
104
104
104
104
503
112
112
1009
112
1006
179
179
179
179
112
112
112
406
406
406
406
1009
106
112
503
112
112
112
112
112
112
112
179
179
179
179
179
1006
104
1006
112
12
12
179
179
1037
112
503
503
104
503
1006
179
112
112
112
112
1009
106
112
503
503
104
104
104
110
110
110
110
110
110
112
112
112
106
112
503
104
104
104
406
406
406
112
112
112
112
112
1006
160
104
406
406
406
406
160
112
112
1006
1006
1006
1006
1006
1006
112
112
406
406
112
179
179
112
406
179
179
112
503
112
12
179
179
179
179
104
503
503
503
503
503
503
112
503
503
503
1006
406
503
1037
112
112
112
406
406
1009
1009
1009
1009
1009
1009
104
110
1006
112
1006
110
110
112
112
503
503
104
106
160
160
160
160
160
160
179
406
406
1006
1006
112
160
1006
104
169
105
105
406
112
112
11
11
11
11
11
11
115
12
112
115
115
115
11
11
11
11
11
11
11
11
11
11
11
11
11
115
115
115
115
12
11
115
11
11
11
11
11
11
11
11
11
11
11
11
11
11
11
11
11
11
112
11
11
23
205
205
205
205
3
3
23
3036
3
2217
23
272
23
3
23
3204
3204
3
205
205
2199
3
204
23
3
223
221
23
2217
2217
203
203
3036
23
3
3
205
2217
205
